5.96204 2.45718 1.11957
6.17187 2.55314 1.16693
5.97359 2.34278 1.07667
6.26469 2.84001 1.31088
6.1275 2.67669 1.20883
6.11336 2.59736 1.15454
5.97184 2.81452 1.31465
6.09952 2.50406 1.13644
5.96207 2.76999 1.28091
6.14862 2.69676 1.2355
3.94479 1.14926 0.767022
4.00431 1.1541 0.76957
4.32288 1.17471 0.79746
4.43735 1.03982 0.689304
3.72335 1.1756 0.793137
4.12287 1.21265 0.822422
3.77781 1.23378 0.841003
3.89621 1.23944 0.841048
4.02482 1.10518 0.718333
3.94924 1.10172 0.720962
29.7533 17.683 5.63969
29.7863 17.6749 5.66744
29.6325 17.6329 5.6598
29.7085 17.6808 5.65709
29.6533 17.6577 5.65219
29.8643 17.6849 5.61594
29.4529 17.6357 5.63744
29.6807 17.6352 5.62494
29.6815 17.6787 5.65542
29.615 17.5604 5.5955
